[ 8340.898999] [Project1] 5947 1588166242.978380198 1588166244.241979818
[ 8342.910061] [Project1] 5948 1588166245.79698893 1588166246.253042203
[ 8344.998488] [Project1] 5951 1588166247.206827267 1588166248.341468741
[ 8347.272354] [Project1] 5952 1588166249.361213136 1588166250.615335738
[ 8349.278253] [Project1] 5953 1588166251.495162291 1588166252.621235227
[ 8351.347980] [Project1] 5954 1588166253.543058985 1588166254.690949498
[ 8353.312838] [Project1] 5955 1588166255.634097878 1588166256.655819409
[ 8355.274298] [Project1] 5956 1588166257.589495469 1588166258.617279826
[ 8357.245022] [Project1] 5957 1588166259.569093531 1588166260.588003270
[ 8359.180188] [Project1] 5958 1588166261.567347585 1588166262.523169544
